20210104;-14.0
20210105;405.0
20210106;628.0
20210107;-602.0
20210108;693.0
20210111;-70.0
20210112;-80.0
20210113;172.0
20210114;765.0
20210115;-77.0
20210118;325.0
20210119;-63.0
20210120;109.0
20210121;120.0
20210122;-25.0
20210125;305.0
20210126;-127.0
20210127;-608.0
20210128;704.0
20210129;313.0
20210201;-980.0
20210202;752.0
20210203;373.0
20210204;-388.0
20210205;-1031.0
20210208;-327.0
20210209;-154.0
20210210;57.0
20210211;-52.0
20210212;-609.0
20210215;-146.0
20210216;-244.0
20210217;-871.0
20210218;8.0
20210219;-1209.0
20210222;-411.0
20210223;223.0
20210224;848.0
20210225;-2074.0
20210226;-247.0
20210301;351.0
20210302;-434.0
20210303;166.0
20210304;-995.0
20210305;67.0
20210308;-131.0
20210309;1.0
20210310;514.0
20210311;-259.0
20210312;224.0
20210315;36.0
20210316;-92.0
20210317;-493.0
20210318;294.0
20210319;566.0
20210322;-126.0
20210323;105.0
20210324;0.0
20210325;-54.0
20210326;76.0
20210329;53.0
20210330;20.0
20210401;195.0
20210406;100.0
20210407;0.0
20210408;90.0
20210409;0.0
20210412;42.0
20210413;-289.0
20210414;119.0
20210415;645.0
20210416;77.0
20210419;61.0
20210420;-292.0
20210421;8.0
20210422;65.0
20210423;138.0
20210426;-30.0
20210427;276.0
20210428;341.0
20210429;0.0
20210430;-1082.0
20210503;-384.0
20210504;-30.0
20210505;172.0
20210506;160.0
20210507;-220.0
20210517;472.0
20210518;-82.0
20210519;0.0
20210520;20.0
20210521;-227.5
20210524;211.0
20210525;-126.0
20210526;-107.0
20210527;204.0
20210528;-86.0
20210601;-191.0
20210602;25.0
20210603;-279.0
20210604;-295.0
20210607;-34.0
20210608;0.0
20210609;0.0
20210610;678.0
20210611;0.0
20210614;159.0
20210615;76.0
20210616;1144.0
20210617;-2588.0
20210618;217.0
20210621;-4.0
20210622;483.0
20210623;0.0
20210624;0.0
20210625;0.0
20210628;48.0
20210629;0.0
20210630;22.0
20210701;-33.0
20210702;146.0
20210705;0.0
20210706;326.0
20210707;0.0
20210708;0.0
20210709;0.0
20210712;22.0
20210713;-110.0
20210714;99.0
20210715;40.0
20210716;0.0
20210719;207.0
20210720;486.0
20210721;10.0
20210722;87.0
20210723;0.0
20210726;18.0
20210727;48.0
20210728;466.0
20210729;13.0
20210730;-19.0
20210802;182.0
20210803;-32.0
20210804;-1484.0
20210805;14.0
20210806;1296.0
20210809;160.0
20210810;50.0
20210811;0.0
20210812;119.0
20210813;43.0
20210816;-83.0
20210817;-473.0
20210818;1289.0
20210819;1226.0
20210820;120.0
20210823;158.0
20210824;0.0
20210825;0.0
20210826;20.0
20210827;3951.0
20210830;53.0
20210901;6.0
20210902;-177.0
20210903;2535.0
20210906;210.0
20210907;114.0
20210908;0.0
20210909;-145.0
20210910;-47.0
20210913;206.0
20210914;494.0
20210915;-134.0
20210916;-350.0
20210917;453.0
20210920;-31.0
20210921;-166.0
20210922;1770.0
20210923;-131.0
20210924;186.0
20210927;-208.0
20210928;227.0
20210929;-304.2
20210930;233.0
20211001;87.0
20211004;253.0
20211005;64.0
20211006;-432.0
20211007;125.0
20211008;1450.0
20211011;463.0
20211012;1359.0
20211013;-596.0
20211014;15.0
20211015;-108.0
20211018;-345.0
20211019;-894.0
20211020;160.0
20211021;73.0
20211022;59.0
20211025;4.0
20211026;0.0
20211027;-392.0
20211028;-1140.0
20211029;-7428.0
20211101;0.0
20211102;-28.0
20211103;196.0
20211104;-294.0
20211105;9.0
20211108;0.0
20211109;-48.0
20211110;-1116.0
20211111;17.0
20211115;-101.0
20211116;47.0
20211117;234.0
20211118;0.0
20211119;79.0
20211122;701.0
20211123;0.0
20211124;18.0
20211125;0.0
20211126;1529.0
20211129;-154.0
20211130;-84.0
20211201;0.0
20211202;0.0
20211203;0.0
20211206;8.0
20211207;-44.0
20211208;-56.0
20211209;-54.0
20211210;683.0
20211213;146.0
20211214;-98.0
20211215;2044.0
20211216;-830.0
20211217;-119.0
20211220;-76.0
20211221;-57.0
20211222;-118.0
20211223;155.0
20211224;0.0
20211227;0.0
20211228;-68.0
20211229;-14.0
20211230;147.0
20211231;157.0
20220103;-737.0
20220104;-24.0
20220105;774.0
20220106;774.0
20220107;0.0
20220110;519.0
20220111;168.0
20220112;-849.0
20220113;-525.0
20220117;0.0
20220118;0.0
20220119;700.0
20220120;0.0
20220121;0.0
20220124;270.0
20220125;160.0
20220126;-40.0
20220127;745.0
20220128;-625.0
20220201;-545.0
20220202;0.0
20220203;3341.0
20220204;-722.0
20220207;0.0
20220208;0.0
20220209;0.0
20220210;0.0
20220211;0.0
20220214;-396.0
20220215;6.0
20220216;61.0
20220217;223.0
20220218;372.0
20220221;-153.0
20220222;-26.0
20220223;-78.0
20220224;-1483.0
20220225;297.0
20220228;4024.0
20220301;-497.0
20220302;554.0
20220303;-18.0
20220304;-3206.0
20220307;1362.0
20220308;0.0
20220309;0.0
20220310;0.0
20220311;0.0
20220314;-62.0
20220315;0.0
20220316;0.0
20220317;0.0
20220318;0.0
20220321;0.0
20220322;0.0
20220323;0.0
20220324;0.0
20220325;0.0
20220328;0.0
20220329;206.0
20220330;74.0
20220331;0.0
20220401;0.0
20220404;0.0
20220405;0.0
20220406;0.0
20220407;-76.0
20220408;0.0
20220411;0.0
20220412;0.0
20220413;0.0
20220414;-16.0
20220419;0.0
20220420;0.0
20220421;0.0
20220422;0.0
20220425;0.0
20220426;0.0
20220427;0.0
20220428;244.0
20220429;0.0
20220502;0.0
20220503;20.0
20220504;488.0
20220505;183.0
20220506;38.0
20220509;76.0
20220510;146.0
20220511;392.0
20220512;202.0
20220513;733.0
20220516;0.0
20220517;479.0
20220518;0.0
20220519;0.0
20220520;0.0
20220524;-372.0
20220525;0.0
20220526;0.0
20220527;38.0
20220530;37.0
20220531;-68.0
20220601;-67.0
20220602;-11.0
20220603;142.0
20220606;307.0
20220607;-24.0
20220608;204.0
20220609;1021.0
20220610;-572.0
20220613;-2073.0
20220614;-48.0
20220615;3325.0
20220616;-708.0
20220617;0.0
20220620;-313.0
20220621;60.0
20220622;310.0
20220623;790.0
20220624;450.0
20220627;-151.0
20220628;107.0
20220629;-139.0
20220630;396.0
20220701;218.0
20220704;110.0
20220705;-2784.0
20220706;157.0
20220707;555.0
20220708;-266.0
20220711;-102.0
20220712;309.0
20220713;467.0
20220714;0.0
20220715;456.0
20220718;0.0
20220719;290.0
20220720;0.0
20220721;380.0
20220722;-152.0
20220725;0.0
20220726;0.0
20220727;-393.0
20220728;3.0
20220729;0.0
20220801;0.0
20220802;-11.0
20220803;236.0
20220804;-30.0
20220805;235.0
20220808;0.0
20220809;0.0
20220810;-225.0
20220811;-16.0
20220812;0.0
20220815;104.0
20220816;0.0
20220817;0.0
20220818;-36.0
20220819;0.0
20220822;0.0
20220823;88.0
20220824;-874.0
20220825;-182.0
20220826;36.0
20220905;253.0
20220906;-27.0
20220907;-53.0
20220908;791.0
20220909;0.0
20220912;236.0
20220913;235.0
20220914;0.0
20220915;0.0
20220916;0.0
20220919;0.0
20220920;0.0
20220921;563.0
20220922;0.0
20220923;66.0
20220926;0.0
20220927;0.0
20220928;-99.0
20220929;2.0
20220930;70.0
20221003;50.0
20221004;18.0
20221005;-418.0
20221006;545.0
20221007;106.0
20221010;337.0
20221011;-433.0
20221012;511.0
20221013;1394.0
20221014;401.0
20221017;0.0
20221018;-64.0
20221019;-5.0
20221020;-170.0
20221021;672.0
20221024;447.0
20221025;-915.0
20221026;-183.0
20221027;876.0
20221028;374.0
20221031;0.0
20221101;0.0
20221102;1488.0
20221103;-4.0
20221104;235.0
20221107;0.0
20221108;0.0
20221109;348.0
20221110;-1198.0
20221111;0.0
20221114;0.0
20221115;-711.0
20221116;119.0
20221117;0.0
20221118;-558.0
20221121;15.0
20221122;0.0
20221123;-1.0
20221124;0.0
20221125;0.0
20221128;524.0
20221129;-388.0
20221130;32.0
20221201;237.0
20221202;125.0
20221205;322.0
20221206;0.0
20221207;0.0
20221208;0.0
20221209;59.0
20221212;0.0
20221213;669.0
20221214;529.0
20221215;1327.0
20221216;0.0
20221219;174.0
20221220;0.0
20221221;0.0
20221222;0.0
20221223;0.0
20221227;-109.0
20221228;-58.0
20221229;183.0
20221230;374.0
20230103;-506.0
20230104;7.0
20230105;281.0
20230106;-680.0
20230109;-30.0
20230110;0.0
20230111;524.0
20230112;-945.0
20230113;44.0
20230116;0.0
20230117;225.0
20230118;94.0
20230119;127.0
20230120;0.0
20230123;-62.0
20230124;0.0
20230125;0.0
20230126;0.0
20230127;38.0
20230130;0.0
20230131;147.0
20230201;121.0
20230202;-344.0
20230203;196.0
20230206;0.0
20230207;151.0
20230208;21.0
20230209;40.0
20230210;109.0
20230213;0.0
20230214;-1030.0
20230215;-4.0
20230216;-10.0
20230217;144.0
20230220;24.0
20230221;0.0
20230222;11.0
20230223;-8.0
20230224;-3.0
20230227;0.0
20230228;151.0
20230301;309.0
20230302;-17.0
20230303;36.0
20230306;361.0
20230307;1324.0
20230308;-124.0
20230309;86.0
20230310;475.0
20230313;-481.0
20230314;0.0
20230315;-249.0
20230316;96.0
20230317;12.0
20230320;0.0
20230321;0.0
20230322;-712.0
20230323;-28.0
20230324;463.0
20230327;0.0
20230328;0.0
20230329;75.0
20230330;48.0
20230331;-21.0
20230403;213.0
20230404;102.0
20230405;40.0
20230406;0.0
20230411;0.0
20230412;113.0
20230413;0.0
20230414;46.0
20230417;0.0
20230418;-25.0
20230419;-24.0
20230420;0.0
20230421;0.0
20230424;62.0
20230425;102.0
20230426;-10.0
20230427;80.0
20230428;1271.0
20230502;-192.0
20230503;253.0
20230504;3462.0
20230505;31.0
20230508;-109.0
20230509;0.0
20230510;241.0
20230511;1.0
20230515;-6.0
20230516;16.0
20230517;34.0
20230518;48.0
20230519;1882.0
20230522;-67.0
20230523;106.0
20230524;535.0
20230525;60.0
20230526;274.0
20230529;-37.0
20230530;95.0
20230531;1200.0
20230601;90.0
20230602;763.0
20230605;-105.0
20230606;-5.0
20230607;-151.0
20230608;31.0
20230609;197.0
20230612;-9.0
20230613;-61.0
20230614;1350.0
20230615;-438.0
20230616;15.0
20230619;-160.0
20230620;201.0
20230621;-50.0
20230622;-120.0
20230623;297.0
20230626;37.0
20230627;-110.0
20230628;100.0
20230629;231.0
20230630;-142.0
20230703;99.0
20230704;35.0
20230705;-15.0
20230706;532.0
20230707;336.0
20230710;264.0
20230711;131.0
20230712;-2.0
20230713;-42.0
20230714;209.0
20230717;539.0
20230718;1681.0
20230719;-1115.1
20230720;-352.0
20230721;636.0
20230724;1965.0
20230725;973.0
20230726;-197.0
20230727;-1069.0
20230728;1553.0
20230731;95.0
20230801;118.0
20230802;203.0
20230803;412.0
20230804;-1631.0
20230807;0.0
20230808;311.0
20230809;-35.0
20230811;481.0
20230814;154.0
20230815;1579.0
20230816;-72.0
20230817;23.0
20230818;327.0
