20190225
20190418
20190419
20190422
20190528
20190827
20191125
20191220
20191223
20191224
20191225
20191226
20191227
20191230
20191231
20200101
20200224
20200409
20200410
20200413
20200525
20200825
20201124
20201222
20201223
20201224
20201225
20201228
20201229
20201230
20201231
20210101
20210222
20210401
20210402
20210405
20210524
20210824
20211124
20211222
20211223
20211224
20211227
20211228
20211229
20211230
20211231
20220103
20220222
20220414
20220415
20220418
20220524
20220824
20221124
20221222
20221223
20221226
20221227
20221228
20221229
20221230
20230102
20230222
20230406
20230407
20230410
20230524
20230824
20231124
20231221
20231222
20231225
20231226
20231227
20231228
20231229
20240101
