20190305
20190418
20190419
20190422
20190604
20190904
20191129
20191220
20191223
20191224
20191225
20191226
20191227
20191230
20191231
20200101
20200228
20200409
20200410
20200413
20200601
20200901
20201201
20201222
20201223
20201224
20201225
20201228
20201229
20201230
20201231
20210101
20210301
20210401
20210402
20210405
20210601
20210901
20211201
20211222
20211223
20211224
20211227
20211228
20211229
20211230
20211231
20220103
20220301
20220414
20220415
20220418
20220601
20220901
20221201
20221222
20221223
20221226
20221227
20221228
20221229
20221230
20230102
20230301
20230406
20230407
20230410
20230601
20230831
20231130
20231221
20231222
20231225
20231226
20231227
20231228
20231229
20240101
