20190315
20190418
20190419
20190422
20190614
20190913
20191213
20191220
20191223
20191224
20191225
20191226
20191227
20191230
20191231
20200101
20200313
20200409
20200410
20200413
20200612
20200911
20201211
20201222
20201223
20201224
20201225
20201228
20201229
20201230
20201231
20210101
20210312
20210401
20210402
20210405
20210611
20210910
20211210
20211222
20211223
20211224
20211227
20211228
20211229
20211230
20211231
20220103
20220311
20220414
20220415
20220418
20220610
20220916
20221216
20221222
20221223
20221226
20221227
20221228
20221229
20221230
20230102
20230310
20230406
20230407
20230410
20230616
20230915
20231215
20231221
20231222
20231225
20231226
20231227
20231228
20231229
20240101
