20190319
20190418
20190419
20190422
20190618
20190917
20191217
20191220
20191223
20191224
20191225
20191226
20191227
20191230
20191231
20200101
20200317
20200409
20200410
20200413
20200616
20200915
20201215
20201222
20201223
20201224
20201225
20201228
20201229
20201230
20201231
20210101
20210316
20210401
20210402
20210405
20210615
20210914
20211214
20211222
20211223
20211224
20211227
20211228
20211229
20211230
20211231
20220103
20220315
20220414
20220415
20220418
20220614
20220920
20221220
20221222
20221223
20221226
20221227
20221228
20221229
20221230
20230102
20230314
20230406
20230407
20230410
20230620
20230919
20231219
20231221
20231222
20231225
20231226
20231227
20231228
20231229
20240101
