20210908
20210909
20210910
20210913
20210914
20210915
20210916
20210917
20210920
20210921
20210922
20210923
20210924
20210927
20210928
20210929
20210930
20211001
20211004
20211005
20211006
20211007
20211008
20211011
20211012
20211013
20211014
20211015
20211018
20211019
20211020
20211021
20211022
20211025
20211026
20211027
20211028
20211029
20211101
20211102
20211103
20211104
20211105
20211108
20211109
20211110
20211111
20211115
20211116
20211117
20211118
20211119
20211122
20211123
20211124
20211125
20211126
20211129
20211130
20211201
20211202
20211203
20211206
20211207
20211208
20211209
20211210
20211213
20211214
20211215
20211216
20211217
20211220
20211221
20211222
20211223
20211224
20211227
20211228
20211229
20211230
20211231
20220103
20220104
20220105
20220106
20220107
20220110
20220111
20220112
20220113
20220115
20220117
20220118
20220119
20220120
20220121
20220124
20220125
20220126
20220127
20220128
20220131
20220201
20220202
20220203
20220204
20220207
20220208
20220209
20220210
20220211
20220214
20220215
20220216
20220217
20220218
20220221
20220222
20220223
20220224
20220225
20220228
20220301
20220302
20220303
20220304
20220307
20220308
20220309
20220310
20220311
20220314
20220315
20220316
20220317
20220318
20220321
20220322
20220323
20220324
20220325
20220328
20220329
20220330
20220331
20220401
20220404
20220405
20220406
20220407
20220408
20220411
20220412
20220413
20220414
20220415
20220418
20220419
20220420
20220421
20220422
20220425
20220426
20220427
20220428
20220429
20220502
20220503
20220504
20220505
20220506
20220509
20220510
20220511
20220512
20220513
20220516
20220517
20220518
20220519
20220520
20220524
20220525
20220526
20220527
20220530
20220531
20220601
20220602
20220603
20220606
20220607
20220608
20220609
20220610
20220613
20220614
20220615
20220616
20220617
20220620
20220621
20220622
20220623
20220624
20220627
20220628
20220629
20220630
20220701
20220704
20220705
20220706
20220707
20220708
20220711
20220712
20220713
20220714
20220715
20220718
20220719
20220720
20220721
20220722
20220725
20220726
20220727
20220728
20220729
20220801
20220802
20220803
20220804
20220805
20220808
20220809
20220810
20220811
20220812
20220815
20220816
20220817
20220818
20220819
20220822
20220823
20220824
20220825
20220826
20220829
20220830
20220831
20220901
20220902
20220905
20220906
20220907
20220908
20220909
20220912
20220913
20220914
20220915
20220916
20220919
20220920
20220921
20220922
20220923
20220926
20220927
20220928
20220929
20220930
20221003
20221004
20221005
20221006
20221007
20221010
20221011
20221012
20221013
20221014
20221017
20221018
20221019
20221020
20221021
20221024
20221025
20221026
20221027
20221028
20221031
20221101
20221102
20221103
20221104
20221107
20221108
20221109
20221110
20221111
20221114
20221115
20221116
20221117
20221118
20221121
20221122
20221123
20221124
20221125
20221128
20221129
20221130
20221201
20221202
20221205
20221206
20221207
20221208
20221209
20221212
20221213
20221214
20221215
20221216
20221219
20221220
20221221
20221222
20221223
20221226
20221227
20221228
20221229
20221230
20230102
20230103
20230104
20230105
20230106
20230109
20230110
20230111
20230112
20230113
20230116
20230117
20230118
20230119
20230120
20230123
20230124
20230125
20230126
20230127
20230130
20230131
20230201
20230202
20230203
20230206
20230207
20230208
20230209
20230210
20230213
20230214
20230215
20230216
20230217
20230220
20230221
20230222
20230223
20230224
20230227
20230228
20230301
20230302
20230303
20230306
20230307
20230308
20230309
20230310
20230313
20230314
20230315
20230316
20230317
20230320
20230321
20230322
20230323
20230324
20230327
20230328
20230329
20230330
20230331
20230403
20230404
20230405
20230406
20230407
20230410
20230411
20230412
20230413
20230414
20230417
20230418
20230419
20230420
20230421
20230424
20230425
20230426
20230427
20230428
20230501
20230502
20230503
20230504
20230505
20230508
20230509
20230510
