DATE;PNL
20161110;14982.8185761
20161111;3384.8319911
20161114;4603.42694568
20161115;100.742233473
20161116;3110.24540862
20161117;5429.06620558
20161118;-621.8669631
20161121;-3362.16713139
20161122;3224.11048279
20161123;-276.419657424
20161124;848.046908569
20161125;-2162.29517956
20161128;-798.851191712
20161129;-3319.36024018
20161130;1397.3496048
20161201;2097.86346512
20161202;676.28655929
20161205;6.41997223
20161206;-6655.36316376
20161207;6344.370683
20161208;5437.28417282
20161209;-4321.10004273
