22
46
111
3
94
14
8
43
27
43
27
3
94
22
8
14
7
14
22
60
107
3
7
14
27
51
27
51
8
16
8
16
79
3
4
14
67
3
17
32
4
14
17
32
25
34
25
34
7
10
7
10
119
3
15
5
46
30
8
4
2
91
46
30
8
4
37
21
9
7
3
102
37
21
9
7
6
12
84
3
19
35
6
12
84
3
8
15
8
15
86
3
86
3
17
35
4
12
20
46
20
46
76
3
14
76
3
123
82
76
2
17
53
5
10
76
2
17
53
42
8
5
3
88
35
21
8
5
35
21
71
3
19
48
19
48
5
9
71
3
39
19
12
6
111
6
4
112
8
14
21
61
21
61
111
3
59
20
2
107
2
107
12
5
12
5
24
9
60
84
10
7
10
7
4
75
4
75
39
19
84
45
30
4
3
12
4
3
3
76
46
20
12
4
8
14
8
14
94
3
94
3
27
43
3
107
3
107
60
22
60
22
14
7
4
12
4
12
32
17
14
4
14
4
3
67
32
17
10
7
3
119
34
25
10
7
3
119
123
2
123
3
23
46
23
46
4
8
21
37
21
37
7
9
7
9
102
3
35
19
12
6
35
19
3
84
12
6
8
35
17
12
5
2
65
49
23
15
8
35
17
3
86
15
8
5
46
20
3
76
12
4
46
20
76
3
4
10
5
10
5
2
76
2
76
53
17
98
3
27
38
98
3
4
9
27
38
5
8
21
35
21
35
88
3
88
3
14
8
3
111
61
21
14
8
3
111
20
59
5
12
5
12
107
2
20
59
3
88
8
5
35
21
22
35
4
21
3
67
4
6
12
19
39
112
4
6
12
33
32
5
7
10
25
34
119
3
3
7
10
96
3
5
11
26
44
26
44
96
3
17
48
67
3
4
14
17
23
67
3
3
25
34
119
123
7
10
25
34
119
3
107
123
15
5
10
9
7
3
102
9
7
37
21
3
102
5
11
96
3
26
44
5
11
3
3
98
9
4
9
4
38
27
76
3
20
46
38
27
76
3
76
15
17
35
17
35
86
3
17
53
76
2
5
10
17
53
2
68
57
24
13
6
2
68
88
13
6
71
19
48
71
3
5
9
19
48
21
61
21
61
8
14
8
14
111
3
11
6
3
70
38
31
11
6
3
70
40
34
30
8
5
3
108
34
30
8
5
8
4
8
2
4
8
30
46
91
2
92
44
26
11
5
44
26
3
96
11
5
23
2
123
67
14
4
32
17
32
17
3
67
3
107
14
7
60
22
3
107
14
7
27
33
3
70
3
47
6
11
7
2
77
47
11
2
77
2
65
12
5
49
23
2
65
12
5
30
46
91
2
4
8
30
46
91
30
34
5
4
9
98
3
98
3
27
38
3
76
4
9
46
20
12
4
108
3
10
5
53
17
53
17
2
76
2
76
6
13
24
57
24
57
68
2
88
3
21
35
68
8
88
3
9
5
9
5
3
71
3
71
48
19
14
8
61
21
61
21
3
111
6
11
31
38
3
111
70
3
22
46
22
3
82
78
31
55
7
11
78
2
31
55
3
5
8
30
34
108
3
108
3
5
8
7
11
7
11
2
78
2
31
55
4
2
77
47
22
11
7
2
11
7
96
3
26
44
5
11
96
3
5
11
4
9
3
98
3
27
38
4
9
4
14
4
14
67
3
67
3
17
32
25
34
7
10
119
3
25
34
10
6
119
3
12
3
102
37
21
37
21
9
7
3
102
39
19
23
49
5
12
65
2
23
49
5
12
8
4
2
91
2
91
46
30
8
4
8
9
92
4
92
4
25
42
8
9
81
5
15
17
53
5
10
5
10
76
2
17
53
23
57
24
2
88
13
6
57
24
2
88
35
21
35
21
8
5
3
3
70
8
14
21
61
111
3
38
31
3
70
11
6
38
31
5
9
71
3
19
48
5
9
19
48
11
7
55
31
2
78
2
78
11
7
15
7
4
97
54
17
15
7
4
97
36
21
11
5
2
70
36
21
11
5
2
3
96
44
26
44
26
11
5
3
96
7
14
3
107
3
22
60
7
14
89
27
33
6
10
89
4
27
33
34
25
34
25
10
7
10
7
3
119
5
23
2
77
11
7
47
22
2
77
11
7
89
15
7
4
54
17
4
97
4
6
15
7
49
23
49
23
12
5
12
5
2
65
27
30
46
4
8
91
2
30
46
4
8
46
20
3
76
3
76
12
4
12
4
79
24
8
57
20
6
11
70
3
31
38
6
11
6
13
68
2
24
57
6
13
31
3
31
123
38
3
30
34
38
61
21
14
8
14
8
3
111
61
21
5
12
48
19
3
71
9
5
48
19
3
71
123
31
55
22
7
11
31
55
78
2
7
11
123
7
14
7
17
54
97
4
7
15
7
15
17
54
22
70
2
5
11
21
36
21
36
70
2
30
34
5
8
108
3
30
34
21
108
3
5
11
26
44
96
3
5
11
26
44
8
5
3
3
88
35
21
3
82
8
5
14
7
3
22
7
10
25
34
119
3
119
3
7
10
22
22
47
7
11
77
2
22
47
7
11
42
65
2
81
4
30
45
4
9
81
4
30
45
2
91
16
46
30
2
91
8
4
46
30
20
46
4
12
4
12
76
3
25
42
20
46
8
9
25
42
9
38
31
11
6
11
6
3
70
57
24
13
6
13
6
2
68
35
21
3
88
3
88
8
5
8
5
111
3
21
61
8
14
111
3
21
61
40
4
2
6
13
24
57
68
2
6
13
30
45
55
31
11
7
2
78
55
31
2
78
4
97
54
17
4
97
15
7
54
17
2
70
49
23
12
5
2
36
21
2
70
11
5
36
21
5
8
5
3
108
3
108
34
30
8
5
123
9
11
5
8
44
26
3
96
3
96
11
5
76
4
92
9
8
42
25
46
6
20
14
8
3
94
43
27
14
8
3
89
14
7
27
33
89
4
6
10
27
33
33
12
51
27
16
8
3
79
51
27
16
8
47
107
3
47
22
11
7
11
7
2
77
3
123
2
107
3
123
9
8
42
25
4
92
4
92
9
7
12
5
49
23
49
23
2
65
65
14
6
13
6
11
31
38
70
3
68
2
6
13
24
57
68
2
21
35
5
8
5
8
88
3
21
35
6
12
112
4
19
39
6
12
19
39
5
8
5
7
11
78
2
78
2
31
55
7
11
77
2
7
11
22
47
70
2
21
36
5
11
70
2
5
11
30
34
108
3
5
8
75
4
19
39
7
10
75
4
19
39
23
10
96
96
3
26
44
26
44
5
11
91
34
22
91
2
30
48
30
48
4
89
10
6
10
5
33
27
70
15
33
27
40
79
3
8
16
27
51
27
51
79
3
77
2
3
94
43
27
14
8
3
94
43
27
3
5
9
19
48
71
3
5
9
4
9
81
4
4
9
30
45
81
4
22
92
25
42
8
9
92
4
25
42
5
12
65
2
19
35
23
49
84
3
6
12
6
12
19
35
17
53
76
2
2
5
10
46
22
14
7
5
10
46
22
8
14
21
61
111
3
3
8
14
12
6
39
19
39
19
4
112
4
112
49
22
23
9
11
7
55
31
2
78
11
7
55
31
2
5
4
97
54
17
54
17
15
7
97
14
65
40
2
70
36
21
36
21
11
5
65
2
70
7
12
5
11
5
39
19
12
5
4
75
10
7
10
7
39
19
12
5
2
107
59
20
12
5
60
46
59
20
12
40
14
7
23
3
6
10
89
4
89
4
27
33
6
10
11
7
47
22
47
22
2
77
77
25
79
51
27
3
79
16
8
51
27
3
12
5
40
23
3
123
12
5
123
3
5
15
23
48
23
48
123
3
4
92
42
25
49
25
9
8
4
92
9
39
4
81
45
30
3
19
35
19
12
6
3
10
35
19
12
7
4
75
70
3
59
5
70
3
31
38
31
38
6
11
68
2
24
57
24
57
6
13
68
2
5
7
14
82
8
3
82
3
19
39
112
4
6
12
19
39
112
46
78
2
7
11
31
55
31
55
78
2
97
4
7
15
17
54
97
4
7
15
6
7
10
30
34
123
3
75
4
7
10
19
39
75
4
5
12
20
59
20
59
107
2
107
2
4
9
30
45
81
4
4
4
9
40
6
10
4
89
4
27
33
6
10
4
7
11
77
2
77
2
22
47
7
11
7
14
22
60
22
60
107
3
107
3
14
4
14
3
27
51
8
16
79
3
3
94
14
8
43
27
8
94
17
3
14
4
30
3
46
23
65
2
5
12
23
49
48
23
15
5
48
23
3
123
15
5
92
4
8
4
8
9
25
42
8
25
42
30
45
84
9
4
9
81
4
84
3
19
35
19
35
6
12
9
4
17
35
8
15
86
3
17
35
3
82
14
7
46
22
86
82
46
34
12
6
4
112
39
19
12
6
4
112
14
30
38
27
9
4
3
98
38
27
3
98
3
8
9
4
92
4
25
42
8
108
54
17
4
97
15
7
15
7
54
17
16
8
16
8
3
3
79
51
27
107
11
5
36
21
2
70
2
70
11
5
3
12
5
27
12
5
3
123
3
123
40
23
59
20
2
107
12
5
39
19
107
75
4
92
4
89
3
10
7
4
14
10
7
39
19
4
75
82
7
8
14
94
3
27
43
8
14
27
43
3
79
51
27
51
27
16
8
3
79
46
3
67
32
17
14
4
3
67
32
17
6
33
27
4
3
89
9
82
57
123
3
23
48
5
15
123
3
5
15
102
3
21
37
7
9
102
3
4
81
4
7
9
35
19
3
84
3
84
12
6
12
6
31
108
40
35
17
3
86
3
86
15
8
3
20
15
8
108
23
11
5
2
30
2
70
112
4
36
112
4
19
39
19
39
6
12
10
5
2
76
53
17
10
5
53
17
98
3
4
9
4
9
27
38
27
38
12
86
123
97
4
97
4
17
54
17
54
7
15
3
21
36
21
36
5
11
5
11
70
2
23
40
5
12
23
40
123
3
5
12
5
12
107
2
20
59
5
12
107
2
43
27
14
8
14
8
3
94
43
27
7
14
107
3
107
3
22
60
7
14
6
8
15
3
86
3
17
35
8
15
6
11
10
3
6
11
31
38
70
3
23
8
3
123
48
23
48
23
15
5
3
123
9
7
37
21
37
21
3
102
4
9
30
45
30
102
81
4
19
35
84
3
6
12
19
35
84
3
123
8
15
17
35
86
3
8
15
17
35
45
30
4
81
9
4
17
53
76
2
76
2
5
10
46
30
5
10
3
98
9
4
38
27
3
98
9
4
19
48
71
3
71
3
5
9
5
9
12
5
2
2
107
59
20
12
5
39
19
4
75
10
7
39
19
4
75
59
20
59
20
12
5
82
45
33
27
43
94
3
8
14
27
43
94
3
27
9
7
3
3
102
37
21
3
107
9
7
14
7
60
22
10
5
16
8
51
27
3
79
3
79
16
8
14
4
3
67
14
4
32
17
3
67
23
3
119
32
34
25
3
119
10
7
34
25
40
89
65
32
5
15
23
48
4
8
5
15
23
48
91
2
91
2
4
8
21
37
102
3
7
9
21
37
102
3
4
81
4
81
45
30
3
22
12
60
7
3
12
3
86
35
17
15
8
3
86
35
17
22
60
48
5
8
30
34
108
3
3
5
8
12
4
3
76
46
20
6
12
84
3
19
35
6
12
46
3
5
68
4
89
22
46
82
3
7
14
22
46
82
3
15
3
98
68
27
38
4
9
98
3
27
38
40
23
45
12
9
5
3
71
48
19
9
5
3
48
19
19
39
112
4
112
4
6
12
23
6
12
3
38
22
19
39
75
4
7
10
7
10
19
39
7
14
47
82
3
22
46
7
14
