4002
4002
4522
8041
250053
250053
250053
250053
250053
115781
115781
250053
115781
56714
11179
11179
30386
30386
30386
30386
30386
56714
56714
56714
4305
4305
3526
3526
3526
3526
4305
4305
3526
4305
4145
4145
3379
4145
3379
3379
3379
3379
4145
4145
49227
49227
28533
28533
28533
28533
49227
49227
28533
49227
116867
116867
5503
5503
5503
5503
5503
3383
3383
3383
3383
3383
60608
60608
60608
60608
60608
22919
22919
22919
22919
22919
9224
9224
7850
9224
7850
7850
7850
7850
4088
7850
9508
9508
7636
7636
4355
7636
7636
9508
7636
7636
14984
14984
14984
14984
9891
9891
9891
14984
230553
14984
28002
136674
241165
2755
3347
2755
2755
2755
2755
1660
2755
1660
1660
15922
48324
48324
48324
26033
26033
26033
26033
26033
48324
48324
1692
2594
1692
1692
2594
2594
2594
2594
2594
3288
3571
3571
3571
3571
217743
5481
5481
3571
217743
217743
217743
217743
117234
117234
117234
217743
8251
8251
11517
8251
8251
4341
8251
8251
11517
11517
3989
3282
56714
15453
12742
12742
6017
6017
6017
4138
12742
6017
6017
6017
9224
5473
5473
3752
3758
1363
1363
1363
2106
1363
1363
1363
2106
2106
115781
115781
107786
107786
51770
107786
107786
115781
107786
107786
30386
14837
14837
9469
9469
9469
14837
14837
14837
14837
139968
139968
95241
95241
23913
23913
23913
23913
64380
64380
64380
23913
64380
64380
124239
124239
124239
84890
84890
84890
84890
84890
84890
49227
201094
3383
116867
201094
116867
2428
201094
2648
2648
2648
3989
3989
3211
3211
3211
3211
3989
3989
3211
3989
4088
4088
3761
3761
3761
3761
4088
3761
4088
4088
2502
4355
4355
2578
2578
2578
1939
1939
1939
3169
3169
3169
3169
4355
3169
4355
4355
15111
139968
139968
249133
139968
249133
249133
249133
249133
249133
3169
5473
145792
145792
102358
102358
102358
51953
145792
102358
102358
102358
2872
3752
2013
2013
2013
2872
2872
2872
2872
2872
13935
13935
13935
13935
9490
9490
9490
13935
13935
26033
117234
117234
117234
78825
78825
78825
78825
78825
78825
63490
3416
3416
3416
3416
4341
4341
3416
4341
4341
4341
231727
111560
231727
231727
231727
231727
47904
111560
3282
111560
2399
1315
1327
1327
1327
1327
1327
1327
1840
1840
1840
9989
1315
172434
2146
2146
1387
1387
1387
2146
1387
1387
1387
2646
3737
2646
2646
2646
2646
2323
2323
2323
2646
10975
81162
10975
15220
15220
15220
15220
81162
15220
23913
116867
124239
124239
124239
81162
201037
201037
201037
201037
201037
81162
230553
60403
81162
81162
72350
9357
9357
6986
3989
6986
6986
6986
6986
9357
6986
2323
2323
1102
2323
1102
1102
1102
1102
1102
5693
3752
5693
5693
3752
3752
3752
3752
95241
139968
95241
95241
5693
5693
71681
95241
227284
2502
2502
2502
1728
1728
1728
2502
145792
145792
145792
227284
227284
227284
227284
227284
135248
73768
73768
73768
73768
73768
73768
54802
231727
135248
135248
172694
143079
143079
143079
172694
172694
172694
172694
172694
63490
63490
21985
21985
21985
21985
63490
63490
21985
63490
152581
152581
152581
93110
93110
93110
93110
93110
93110
59800
136674
4572
4572
4572
4572
4572
3397
3397
3397
3397
3397
84958
2428
2428
1192
1192
1192
1192
1192
1192
2428
2579
3896
3896
3737
3737
3737
3737
3896
3737
3896
3896
9890
3416
30458
246623
246623
246623
246623
246623
112094
112094
246623
112094
74118
56714
74118
74118
74118
74118
138226
74118
138226
138226
55885
55885
60403
5037
7088
2591
9798
2591
2591
2591
1990
1990
9798
3387
2591
7674
4443
7674
7674
7674
7674
9890
7674
9890
9890
161873
161873
161873
178881
178881
178881
178881
178881
178881
25691
25691
25691
6254
6254
5693
6254
6254
10673
6254
6254
2822
2106
10673
10673
2822
2822
2822
2822
25691
47617
16058
16058
16058
16058
9652
9652
16058
9652
24874
16058
207620
207620
207620
207620
135248
135248
135248
207620
100503
111560
100503
100503
207620
100503
48324
100503
143079
143079
100388
100388
100388
50461
143079
100388
100388
100388
20111
20111
20111
20111
11179
11179
20111
11179
246904
246904
246904
246904
21985
20111
152581
246904
241165
155896
155896
241165
155896
243984
243984
243984
243984
243984
152669
243984
152669
152669
230553
11950
11950
6400
6400
6400
11950
4572
6400
6400
6400
1891
1891
1374
1374
1374
1374
1891
1374
1374
3477
1990
1402
1402
1402
1402
1402
1402
1990
1990
7922
9341
7922
7922
7922
7922
3896
7922
9341
9341
1619
1619
1619
1619
2013
1619
1619
2013
2013
112094
112094
76500
76500
64380
76500
76500
112094
76500
76500
2654
2654
2654
2654
2146
2654
2146
2146
135076
135076
2654
3698
5481
2612
2417
2417
2417
2612
2612
2612
2612
3211
2612
5481
5481
4443
4443
4443
4443
3278
4443
3278
3278
3278
3278
72419
72419
72419
55339
161873
72419
72419
72419
161873
161873
6807
6807
5040
6807
6807
9042
6807
6807
9042
9042
172754
1897
1897
24874
24874
24874
24874
51953
51953
24874
51953
51953
51953
1322
13243
13243
17008
2504
17008
17008
17008
17008
26705
1933
1933
1933
2504
2504
2504
2504
1322
28721
17442
8041
8041
8041
8041
8041
11179
9798
9798
17442
9798
17442
17442
17442
17442
50461
50461
25703
50461
25703
25703
25703
25703
50461
50461
152669
152669
98362
98362
152669
98362
98362
53446
98362
98362
9224
9224
9224
8790
8790
8790
8790
8790
8790
5497
58014
58014
58014
58014
58014
26660
26660
26660
26660
26660
113411
16470
9341
9341
9341
16470
16470
16470
16470
30005
16470
1232
1232
1232
1232
1705
1232
1232
1705
1705
188908
188908
188908
188908
188908
135076
188908
135076
135076
4366
4366
3698
3698
3698
3698
4366
4366
4366
3698
113411
2693
6801
5178
6801
6801
6801
6801
12601
6801
12601
12601
21754
2053
2053
55885
1191
1191
2053
1191
1191
55885
1191
1191
56087
56087
27903
27903
27903
27903
56087
56087
56087
27903
21754
55339
55339
55339
55339
20716
55339
20716
20716
20716
20716
7806
7806
9891
7806
7806
5263
7806
7806
9891
9891
101136
54802
12346
54802
170207
59800
59800
28721
59800
28721
28721
28721
28721
54802
54802
26705
54802
26705
26705
26705
26705
152581
136674
59800
49406
59800
104243
200056
200056
152581
3792
3792
3792
3792
4522
4522
4522
3792
4522
4522
136674
136674
11764
11764
15740
11764
15740
15740
15740
15740
25703
15740
104243
53446
53446
25192
22297
22297
22297
22297
22297
53446
53446
53446
1322
25192
49379
49379
5497
5497
3729
5497
5497
5497
3729
3729
3729
3729
49379
18282
26660
18282
18282
18282
18282
10195
10195
10195
18282
2574
2574
2574
2574
1777
2574
1777
1777
1114
2574
3397
30005
30005
30005
30005
30005
70782
70782
70782
70782
70782
1301
1301
1301
1933
1301
1301
1301
2218
1372
1933
1933
1372
1372
1372
2591
10194
10194
6377
6377
6377
10194
4366
6377
6377
6377
1990
5178
5178
5178
5178
3387
5178
3387
3387
3387
3387
3477
15438
27903
2578
3282
2578
2578
2578
2578
1650
2578
1650
1650
20716
19026
144166
12849
12849
19026
12849
19026
19026
19026
19026
3758
3758
3758
3758
5263
5263
3758
5263
2381
2381
5263
5263
2579
2579
2579
2579
56961
3643
3643
3643
3643
5037
5037
5037
3643
3694
3694
3694
3694
3989
3989
3989
3694
8385
8385
9490
8385
8385
5611
8385
8385
9490
9490
3124
3792
3124
3124
3124
3124
2458
3124
2458
2458
19237
22001
1138
1138
1138
1138
1138
1138
1914
1914
1914
64788
64788
13665
13665
13665
13665
13665
9193
9193
9193
22297
13665
3729
3105
2053
2053
3105
2053
3105
3105
3105
3105
1939
180147
1259
1259
1259
1259
1259
124930
124930
180147
124930
180147
180147
180147
180147
19237
105572
105572
105572
47617
150522
105572
105572
105572
150522
150522
172434
3477
112334
112334
3477
108129
108129
112334
108129
108129
70782
108129
108129
2822
5040
3477
5040
5040
5040
5040
2106
3752
2106
2486
2486
2486
1140
1140
1140
1140
1140
1140
3103
9438
9438
2384
2384
2384
3103
3103
3103
3103
3103
21754
2693
50232
50232
50232
50232
50232
25451
25451
25451
25451
25451
47904
2837
9438
29079
29079
29079
29079
47904
47904
47904
29079
2693
2230
2837
1762
3660
2693
125003
125003
84958
84958
125003
84958
84958
56961
84958
155896
171794
171794
171794
171794
113411
113411
171794
113411
171794
155896
13243
13243
7088
7088
7088
7088
7088
9798
3989
6307
6307
6307
6307
6307
6307
13243
3440
3440
3440
3440
5611
5611
3440
5611
5611
5611
53215
53215
22159
53215
22159
22159
22159
22159
53215
53215
111560
111560
100503
5832
5832
5654
5832
5832
9193
5832
5832
9193
9193
12601
16213
16213
16213
16213
16213
73168
124930
73168
73168
73168
73168
58014
73168
124930
124930
150522
150522
150522
200056
200056
200056
15344
26620
15344
15344
15344
15344
12742
15344
12742
12742
10919
55885
229464
112334
229464
112334
112334
229464
229464
229464
229464
2648
15111
102535
2428
2648
2428
116867
2648
201094
5169
3752
5169
5169
3752
201094
3752
3752
246904
201094
5169
5169
10919
19879
25451
19879
19879
19879
19879
11111
11111
11111
19879
16213
29079
3799
2705
2705
2705
2705
2705
2705
2486
2486
2486
1337
1337
1337
1337
1337
1337
1692
1692
1692
9221
9221
5473
8534
8534
8534
8534
8534
8534
9221
4963
179243
179243
179243
179243
179243
125003
179243
125003
125003
87228
87228
56087
87228
47975
47975
87228
87228
23633
47975
47975
47975
23633
23633
23633
23633
1095
1095
1095
1660
1095
1095
1095
2833
2833
2833
2833
1660
1660
2218
2218
2458
2458
1200
1200
1200
2458
1200
1200
1200
16571
16571
16571
16571
11515
11515
16571
11515
22159
16571
2578
1372
2578
2381
3314
3314
3314
3314
5654
3314
5654
5654
5654
5654
3278
2693
182872
123606
123606
123606
182872
182872
182872
182872
182872
241165
2578
2693
3001
1662
1662
1662
3001
3001
3001
3001
87228
3636
3001
241165
21300
21300
1662
1662
61585
61585
49406
49406
61585
26620
61585
61585
26620
26620
26620
26620
53708
53708
53708
21550
21550
21550
21550
21550
4963
241165
53708
53708
113411
2230
4963
4963
2230
49406
8117
8117
5169
8117
8117
9989
8117
8117
9989
9989
201038
201038
201038
201038
157841
157841
201038
157841
201038
3477
198241
144166
144166
198241
144166
198241
198241
198241
198241
1135
1135
1135
1135
1135
2230
1135
2230
2230
2537
3298
2537
2537
2537
2537
1897
1897
1897
2537
15922
9042
9042
9042
9890
15922
15922
15922
28474
15922
5473
221921
5473
3282
3282
3282
23633
221921
15453
15453
15453
15453
15453
221921
9224
9224
28002
221921
221921
116105
2624
3643
170207
1939
1911
2624
1911
1911
2624
2624
2624
2624
1914
3077
1914
1914
3077
3077
3077
3077
3077
3694
47617
102535
102535
49379
47617
102535
102535
155896
130174
130174
130174
186580
186580
186580
186580
186580
186580
102535
2643
3314
2643
2643
2643
2643
1891
1891
1891
2643
48932
81012
81012
81012
81012
81012
81012
123606
123606
123606
15056
116105
116105
47617
47617
19237
21300
61585
92592
92592
92592
92592
92592
92592
116105
17139
17139
17139
17139
11517
11517
11517
17139
17139
21550
1650
1650
1550
1550
1550
1650
1550
1550
1550
49406
1547
1547
1547
1547
2384
1547
1547
2384
2384
15056
91214
91214
47904
91214
91214
157841
91214
91214
157841
157841
2581
2581
2581
2581
1705
1705
1705
2581
2581
3713
2399
2399
12346
144166
101136
101136
101136
101136
50232
101136
7669
3968
7669
7669
7669
7669
144166
7669
1315
12346
1315
1315
8703
1315
8703
49406
9890
15438
15438
15438
15438
15438
4036
4036
3298
3298
3298
3298
4036
3298
4036
4036
28474
56961
56961
128515
28474
28474
28474
28474
15111
56961
56961
22001
22001
175749
22001
64788
64788
22001
64788
114553
175749
114553
114553
175749
175749
175749
175749
94255
94255
185042
185042
185042
185042
137381
185042
137381
137381
6472
4002
6472
6472
6472
6472
185042
6472
25192
11950
130174
130174
130174
76901
76901
76901
76901
76901
76901
53215
25192
11950
14761
14761
14761
14761
14761
10673
10673
10673
24208
14761
15111
1341
1341
1341
1341
2381
1341
1341
2381
11950
48932
48932
48932
28113
48932
48932
28113
28113
28113
28113
2298
2298
1470
1470
1470
2298
1470
1470
1470
138226
10195
10195
7459
7459
10195
7459
7459
4181
7459
7459
49379
10919
10919
9989
5967
5967
5967
5090
10919
5967
5967
5967
150443
150443
170207
150443
170207
170207
116105
116105
170207
221921
72350
2381
2579
55885
3535
2142
2142
1450
2218
1450
1450
1450
1450
2142
1450
2833
2218
3968
3968
3799
3968
3799
3799
3799
3799
3968
3968
2512
2298
2298
2298
2512
2512
2512
2512
3526
2512
1372
3379
2733
2733
2733
2733
2733
2733
2399
2399
2399
72350
72350
72350
135076
2833
72350
128515
2218
3989
6740
10240
6740
6740
6740
6740
4036
6740
10240
10240
74825
142793
74825
74825
74825
74825
60608
74825
22001
13977
28002
142793
142793
101288
101288
114553
101288
101288
47975
101288
101288
114553
114553
5037
200056
21300
77175
77175
137381
77175
77175
56866
77175
77175
25691
71681
137381
137381
15111
19237
1114
1114
1114
15111
1662
1114
2599
3571
1114
1840
2599
1840
1840
2599
2599
2599
2599
5234
5234
5234
3347
3347
3347
3347
3347
5234
5234
24208
70343
70343
70343
24208
24208
24208
24208
70343
70343
19237
2502
10919
17516
28113
9224
17516
9224
9224
17516
17516
17516
17516
19237
4181
4181
3636
3636
3636
3636
4181
4181
3636
4181
5090
5090
3660
3660
3660
3660
3660
5090
5090
5090
150443
150443
92440
150443
92440
92440
92440
92440
53708
92440
25598
25598
25598
25598
51770
51770
51770
25598
51770
51770
5971
5971
4963
5971
5971
9469
5971
5971
9469
9469
21754
1448
1448
1448
1448
1728
1448
1448
1728
1728
1911
1911
21754
1103
1103
1103
1103
1103
1103
1911
21300
25691
15047
10240
10240
10240
15047
15047
15047
15047
30458
15047
207959
207959
207959
207959
142793
142793
207959
142793
172754
172754
172754
172754
128515
207959
128515
172754
1939
1939
1939
3074
3074
3074
3074
3074
3074
3761
21300
30440
30440
30440
30440
30440
56866
56866
56866
56866
56866
9221
9221
13977
9221
13977
13977
8033
8033
8033
9652
5234
8033
8033
8033
49379
13977
9652
9652
82084
70343
82084
82084
82084
82084
140607
82084
140607
140607
6200
6200
6200
11764
5044
6200
6200
6200
11764
11764
1171
1171
1171
1762
1171
1171
1171
1762
1762
2142
2142
3069
2142
3069
3069
3069
3069
3801
3069
1762
1762
2837
2837
2837
2837
25192
128515
15056
12346
12346
12346
18314
18314
18314
18314
18314
18314
25598
15056
1342
1342
1342
2417
1342
1342
1342
4963
3713
2417
2417
3713
3713
3713
3713
15056
104243
11111
11111
7707
7707
11111
7707
7707
4305
7707
7707
10975
10975
8012
4145
8012
8012
8012
8012
10975
8012
104243
28533
13945
10975
10194
10194
13945
10194
13945
13945
13945
13945
104243
9989
1259
15220
30458
30458
30458
30458
12849
12849
60403
60403
60403
60403
8703
12849
5503
8703
8703
8703
9357
9357
9357
17887
17887
17887
17887
17887
17887
22919
94255
64788
128515
94255
94255
94255
1897
230553
104243
230553
230553
201037
1939
30440
15450
15450
15450
15450
15450
15450
9508
9508
9508
138226
138226
1322
1777
1777
1277
1277
1277
1777
1277
1277
1277
71681
71681
71681
28002
28002
28002
1939
1939
1395
1939
1395
1395
1395
1395
71681
1395
1322
13243
21754
15056
9438
9438
9438
18092
18092
18092
18092
18092
18092
25192
1322
2504
196775
17008
196775
196775
196775
196775
140607
196775
140607
140607
172434
172434
13977
172434
5044
5044
5044
3288
3288
3288
3288
3288
172434
5044
5044
8806
8806
8806
11515
5481
8806
8806
8806
136674
11515
11515
3440
5037
12601
4138
4138
3801
4138
4138
4138
3801
3801
3801
3801
4002
4002
12601
3535
4002
3535
3535
3535
3535
